=== Debugging Heatmap Data ===
Data PCA/KernelPCA (first 10 rows):
-11.8259, -2.8740, 0.0864, -1.7474, -2.2362
-11.7946, -6.0056, 0.6630, -0.9833, 1.3382
0.3684, -4.7849, 0.7416, -2.1046, 0.6269
-11.7723, -6.7737, -0.8810, -0.1437, -1.9681
-11.7699, -4.8823, -1.4425, 0.8081, -2.4154
1.4727, -6.7153, -0.6625, -0.4226, -2.3698
1.9183, -4.9461, -0.4743, 4.9016, -1.9570
-11.7888, -6.2142, 0.9940, -0.2753, -1.0241
-11.7004, -6.3160, -2.1920, 4.3465, -2.5589
18.2394, -6.5688, -0.9145, 1.3029, -2.3041

Cluster Labels (first 10 labels):
0, 0, 0, 0, 0, 0, 0, 0, 0, 0

Cluster Means:
               1            2           3           4          5
K 1    -8.402236    -3.871832    0.488700   -0.196251  -0.004334
K 2   847.372633    -2.002853    1.072908   -0.689088  -0.377221
K 3     0.228164   673.542024 -123.134335  -37.084047   4.021820
K 4  1916.028749     3.744251    3.464406   -3.193919   0.959341
K 5   322.477973    -4.784169   -1.625408    5.003589  -0.700690
K 6     1.741973    -5.680465 -287.444437  885.165327  -4.025465
K 7   -24.400635  2134.729237  613.090245  193.828181 -27.268780
